%YAML:1.0
gcb_images:
   - "1481302049.551275_[00-10-00_00]_img.jpg"
   - "1481302051.228189_[00-10-01_01]_img.jpg"
   - "1481302053.097507_[00-09-00_02]_img.jpg"
   - "1481302054.693405_[00-09-01_03]_img.jpg"
   - "1481302056.432740_[00-08-00_04]_img.jpg"
   - "1481302058.218591_[00-08-01_05]_img.jpg"
   - "1481302059.821438_[00-07-00_06]_img.jpg"
   - "1481302061.644733_[00-07-01_07]_img.jpg"
   - "1481302063.349134_[00-06-00_08]_img.jpg"
   - "1481302065.111192_[00-06-01_09]_img.jpg"
   - "1481302066.921491_[00-05-00_10]_img.jpg"
   - "1481302068.727864_[00-05-01_11]_img.jpg"
   - "1481302070.440745_[00-04-00_12]_img.jpg"
   - "1481302072.160886_[00-04-01_13]_img.jpg"
   - "1481302073.928258_[00-03-00_14]_img.jpg"
   - "1481302075.812690_[00-03-01_15]_img.jpg"
   - "1481302077.992064_[00-02-00_16]_img.jpg"
   - "1481302080.107783_[00-02-01_17]_img.jpg"
   - "1481302082.201916_[00-01-00_18]_img.jpg"
   - "1481302084.359588_[00-01-01_19]_img.jpg"
   - "1481302086.477428_[00-00-00_20]_img.jpg"
   - "1481302088.519775_[00-00-01_21]_img.jpg"
   - "1481302090.241762_[01-10-00_22]_img.jpg"
   - "1481302091.783343_[01-10-01_23]_img.jpg"
   - "1481302093.856558_[01-09-00_24]_img.jpg"
   - "1481302095.419883_[01-09-01_25]_img.jpg"
   - "1481302097.134070_[01-08-00_26]_img.jpg"
   - "1481302098.811209_[01-08-01_27]_img.jpg"
   - "1481302100.474787_[01-07-00_28]_img.jpg"
   - "1481302101.993313_[01-07-01_29]_img.jpg"
   - "1481302103.591916_[01-06-00_30]_img.jpg"
   - "1481302105.259782_[01-06-01_31]_img.jpg"
   - "1481302106.943372_[01-05-00_32]_img.jpg"
   - "1481302108.550672_[01-05-01_33]_img.jpg"
   - "1481302110.310776_[01-04-00_34]_img.jpg"
   - "1481302112.068761_[01-04-01_35]_img.jpg"
   - "1481302114.069967_[01-03-00_36]_img.jpg"
   - "1481302115.951540_[01-03-01_37]_img.jpg"
   - "1481302118.111106_[01-02-00_38]_img.jpg"
   - "1481302120.067323_[01-02-01_39]_img.jpg"
   - "1481302122.272422_[01-01-00_40]_img.jpg"
   - "1481302124.524852_[01-01-01_41]_img.jpg"
   - "1481302126.814440_[01-00-00_42]_img.jpg"
   - "1481302128.658200_[01-00-01_43]_img.jpg"
