%YAML:1.0
gcb_images:
   - "1481302134.569065_[00-10-00_00]_img.jpg"
   - "1481302136.260798_[00-10-01_01]_img.jpg"
   - "1481302137.958477_[00-09-00_02]_img.jpg"
   - "1481302139.667311_[00-09-01_03]_img.jpg"
   - "1481302141.382543_[00-08-00_04]_img.jpg"
   - "1481302142.909362_[00-08-01_05]_img.jpg"
   - "1481302144.507198_[00-07-00_06]_img.jpg"
   - "1481302146.247567_[00-07-01_07]_img.jpg"
   - "1481302147.954800_[00-06-00_08]_img.jpg"
   - "1481302149.510018_[00-06-01_09]_img.jpg"
   - "1481302151.089475_[00-05-00_10]_img.jpg"
   - "1481302152.776329_[00-05-01_11]_img.jpg"
   - "1481302154.489242_[00-04-00_12]_img.jpg"
   - "1481302156.228349_[00-04-01_13]_img.jpg"
   - "1481302158.227796_[00-03-00_14]_img.jpg"
   - "1481302160.113026_[00-03-01_15]_img.jpg"
   - "1481302162.296677_[00-02-00_16]_img.jpg"
   - "1481302164.419688_[00-02-01_17]_img.jpg"
   - "1481302166.686413_[00-01-00_18]_img.jpg"
   - "1481302168.889501_[00-01-01_19]_img.jpg"
   - "1481302171.227893_[00-00-00_20]_img.jpg"
   - "1481302173.311780_[00-00-01_21]_img.jpg"
   - "1481302175.124420_[01-10-00_22]_img.jpg"
   - "1481302176.999838_[01-10-01_23]_img.jpg"
   - "1481302179.068261_[01-09-00_24]_img.jpg"
   - "1481302180.736684_[01-09-01_25]_img.jpg"
   - "1481302182.607842_[01-08-00_26]_img.jpg"
   - "1481302184.409653_[01-08-01_27]_img.jpg"
   - "1481302186.183244_[01-07-00_28]_img.jpg"
   - "1481302188.097698_[01-07-01_29]_img.jpg"
   - "1481302189.663182_[01-06-00_30]_img.jpg"
   - "1481302191.427853_[01-06-01_31]_img.jpg"
   - "1481302193.053982_[01-05-00_32]_img.jpg"
   - "1481302194.826318_[01-05-01_33]_img.jpg"
   - "1481302196.498860_[01-04-00_34]_img.jpg"
   - "1481302198.243962_[01-04-01_35]_img.jpg"
   - "1481302200.161184_[01-03-00_36]_img.jpg"
   - "1481302202.135805_[01-03-01_37]_img.jpg"
   - "1481302204.286687_[01-02-00_38]_img.jpg"
   - "1481302206.559777_[01-02-01_39]_img.jpg"
   - "1481302208.680940_[01-01-00_40]_img.jpg"
   - "1481302210.667195_[01-01-01_41]_img.jpg"
   - "1481302213.082432_[01-00-00_42]_img.jpg"
   - "1481302214.992067_[01-00-01_43]_img.jpg"
