%YAML:1.0
cam_size: !!opencv-matrix
   rows: 2
   cols: 1
   dt: i
   data: [ 2592, 1944 ]
cam_K: !!opencv-matrix
   rows: 3
   cols: 3
   dt: d
   data: [ 2.8213854678520406e+03, 0., 1.5067630790244727e+03, 0.,
       2.8189296399419081e+03, 1.0922506617197882e+03, 0., 0., 1. ]
cam_kc: !!opencv-matrix
   rows: 1
   cols: 5
   dt: d
   data: [ -2.3139508355900590e-01, 1.4726982512366299e-01,
       -8.8469055178221523e-04, 1.2803348512495708e-03,
       -3.2111086105662393e-02 ]
cam_rms: 5.0954955816268921e-01
pro_size: !!opencv-matrix
   rows: 2
   cols: 1
   dt: i
   data: [ 1280, 800 ]
pro_K: !!opencv-matrix
   rows: 3
   cols: 3
   dt: d
   data: [ 1.6531926763650031e+03, 0., 6.2244405868274839e+02, 0.,
       1.7192298865347213e+03, 3.6345688311007370e+02, 0., 0., 1. ]
pro_kc: !!opencv-matrix
   rows: 5
   cols: 1
   dt: d
   data: [ -4.8561442781784141e-02, 1.4234283744865699e+00,
       -7.5128236685432425e-03, -1.9775046017335911e-03,
       -7.3645554845216070e+00 ]
pro_rms: 4.3904060392466032e-01
stereo_rms: 6.1888376087124664e-01
R: !!opencv-matrix
   rows: 3
   cols: 3
   dt: d
   data: [ 9.1255814450270389e-01, -1.1363892767441594e-01,
       3.9284071456353781e-01, 8.6644528029036272e-02,
       9.9253404580973226e-01, 8.5842260403544507e-02,
       -3.9966280620594113e-01, -4.4298555569829395e-02,
       9.1559121845396652e-01 ]
T: !!opencv-matrix
   rows: 3
   cols: 1
   dt: d
   data: [ -1.8326427356359321e+02, -2.3676857865407655e+01,
       -6.0663533762111541e+01 ]
E: !!opencv-matrix
   rows: 3
   cols: 3
   dt: d
   data: [ 1.4718922708019694e+01, 6.1259473201893570e+01,
       -1.6470828279943582e+01, -1.2860291565864858e+02,
       -1.2246036807541660e+00, 1.4396405358011415e+02,
       5.7276629938089378e+00, -1.8458664363097921e+02,
       -6.4305857314463228e+00 ]
R1: !!opencv-matrix
   rows: 3
   cols: 3
   dt: d
   data: [ 7.4577428909457721e-01, -6.7740783691302986e-05,
       6.6619869793978459e-01, -8.8464607630709246e-03,
       9.9991081788257008e-01, 1.0004819507482009e-02,
       -6.6613996266358733e-01, -1.3354837797445208e-02,
       7.4570718009816583e-01 ]
R2: !!opencv-matrix
   rows: 3
   cols: 3
   dt: d
   data: [ 9.4228007200395236e-01, 1.2173802836973546e-01,
       3.1191043322222467e-01, -1.1777140248918894e-01,
       9.9253786842581371e-01, -3.1598678714017440e-02,
       -3.1342967737589222e-01, -6.9593239177178218e-03,
       9.4958591246429747e-01 ]
P1: !!opencv-matrix
   rows: 3
   cols: 4
   dt: d
   data: [ 1.6451009690265505e+03, 0., 1.8789694023132324e+02, 0., 0.,
       1.6451009690265505e+03, 1.1175243964195251e+03, 0., 0., 0., 1.,
       0. ]
P2: !!opencv-matrix
   rows: 3
   cols: 4
   dt: d
   data: [ 1.6451009690265505e+03, 0., 1.8789694023132324e+02,
       -3.1995607567741221e+05, 0., 1.6451009690265505e+03,
       1.1175243964195251e+03, 0., 0., 0., 1., 0. ]
Q: !!opencv-matrix
   rows: 4
   cols: 4
   dt: d
   data: [ 1., 0., 0., -1.8789694023132324e+02, 0., 1., 0.,
       -1.1175243964195251e+03, 0., 0., 0., 1.6451009690265505e+03, 0.,
       0., 5.1416462886148869e-03, 0. ]
cam_rvecs:
   []
cam_tvecs:
   []
square_size: 1.
input_files:
   - "slscan_0000.yaml"
   - "slscan_0001.yaml"
   - "slscan_0002.yaml"
   - "slscan_0003.yaml"
   - "slscan_0004.yaml"
   - "slscan_0005.yaml"
   - "slscan_0006.yaml"
   - "slscan_0008.yaml"
   - "slscan_0009.yaml"
   - "slscan_0010.yaml"
   - "slscan_0011.yaml"
   - "slscan_0012.yaml"
   - "slscan_0013.yaml"
   - "slscan_0014.yaml"
   - "slscan_0016.yaml"
   - "slscan_0018.yaml"
   - "slscan_0021.yaml"
   - "slscan_0022.yaml"
   - "slscan_0023.yaml"
   - "slscan_0024.yaml"
   - "slscan_0025.yaml"
   - "slscan_0026.yaml"
   - "slscan_0027.yaml"
   - "slscan_0028.yaml"
   - "slscan_0029.yaml"
   - "slscan_0030.yaml"
   - "slscan_0032.yaml"
   - "slscan_0033.yaml"
   - "slscan_0034.yaml"
   - "slscan_0035.yaml"
   - "slscan_0036.yaml"
   - "slscan_0037.yaml"
   - "slscan_0038.yaml"
   - "slscan_0039.yaml"
   - "slscan_0040.yaml"
   - "slscan_0041.yaml"
   - "slscan_0042.yaml"
   - "slscan_0043.yaml"
   - "slscan_0044.yaml"
   - "slscan_0045.yaml"
   - "slscan_0046.yaml"
   - "slscan_0047.yaml"
   - "slscan_0048.yaml"
   - "slscan_0049.yaml"
   - "slscan_0050.yaml"
   - "slscan_0051.yaml"
   - "slscan_0052.yaml"
   - "slscan_0053.yaml"
   - "slscan_0054.yaml"
   - "slscan_0055.yaml"
   - "slscan_0056.yaml"
   - "slscan_0057.yaml"
   - "slscan_0058.yaml"
   - "slscan_0059.yaml"
   - "slscan_0060.yaml"
   - "slscan_0061.yaml"
   - "slscan_0062.yaml"
   - "slscan_0063.yaml"
   - "slscan_0064.yaml"
   - "slscan_0065.yaml"
   - "slscan_0066.yaml"
   - "slscan_0067.yaml"
   - "slscan_0068.yaml"
   - "slscan_0069.yaml"
   - "slscan_0070.yaml"
   - "slscan_0071.yaml"
   - "slscan_0072.yaml"
   - "slscan_0073.yaml"
   - "slscan_0074.yaml"
   - "slscan_0075.yaml"
   - "slscan_0076.yaml"
   - "slscan_0077.yaml"
   - "slscan_0078.yaml"
   - "slscan_0079.yaml"
input_counts: [ 140, 140, 140, 140, 140, 140, 140, 140, 140, 140, 140,
    140, 140, 140, 140, 140, 140, 140, 140, 140, 140, 140, 140, 140, 140,
    140, 140, 140, 140, 140, 140, 140, 140, 140, 140, 140, 140, 140, 140,
    140, 140, 140, 140, 140, 140, 140, 140, 140, 140, 140, 140, 140, 140,
    140, 140, 140, 140, 140, 140, 140, 140, 140, 140, 140, 140, 140, 140,
    140, 140, 140, 140, 140, 140, 140 ]
